,Canada,China,Germany,European Union,France,Italy,Japan,United Kingdom,United States
Canada,1.0,0.195,0.416,0.324,0.197,0.34,0.197,0.371,0.345
China,0.195,1.0,0.277,0.275,0.22,0.339,0.28,0.252,0.263
Germany,0.416,0.277,1.0,0.469,0.27,0.433,0.266,0.351,0.389
European Union,0.324,0.275,0.469,1.0,0.335,0.49,0.234,0.317,0.32
France,0.197,0.22,0.27,0.335,1.0,0.338,0.165,0.252,0.243
Italy,0.34,0.339,0.433,0.49,0.338,1.0,0.274,0.326,0.339
Japan,0.197,0.28,0.266,0.234,0.165,0.274,1.0,0.23,0.242
United Kingdom,0.371,0.252,0.351,0.317,0.252,0.326,0.23,1.0,0.379
United States,0.345,0.263,0.389,0.32,0.243,0.339,0.242,0.379,1.0
