,Canada,China,Germany,European Union,France,Italy,Japan,United Kingdom,United States
Canada,1.0,0.231,0.417,0.321,0.195,0.336,0.195,0.372,0.343
China,0.231,1.0,0.318,0.311,0.23,0.382,0.302,0.279,0.294
Germany,0.417,0.318,1.0,0.468,0.268,0.432,0.265,0.35,0.389
European Union,0.321,0.311,0.468,1.0,0.335,0.486,0.234,0.316,0.314
France,0.195,0.23,0.268,0.335,1.0,0.338,0.164,0.252,0.24
Italy,0.336,0.382,0.432,0.486,0.338,1.0,0.274,0.324,0.333
Japan,0.195,0.302,0.265,0.234,0.164,0.274,1.0,0.23,0.242
United Kingdom,0.372,0.279,0.35,0.316,0.252,0.324,0.23,1.0,0.374
United States,0.343,0.294,0.389,0.314,0.24,0.333,0.242,0.374,1.0
