,Canada,China,Germany,European Union,France,Italy,Japan,United Kingdom,United States
Canada,1.0,0.196,0.416,0.324,0.196,0.34,0.197,0.366,0.346
China,0.196,1.0,0.278,0.276,0.22,0.34,0.281,0.241,0.263
Germany,0.416,0.278,1.0,0.469,0.269,0.433,0.266,0.346,0.389
European Union,0.324,0.276,0.469,1.0,0.333,0.49,0.234,0.313,0.32
France,0.196,0.22,0.269,0.333,1.0,0.337,0.165,0.248,0.242
Italy,0.34,0.34,0.433,0.49,0.337,1.0,0.274,0.322,0.339
Japan,0.197,0.281,0.266,0.234,0.165,0.274,1.0,0.226,0.242
United Kingdom,0.366,0.241,0.346,0.313,0.248,0.322,0.226,1.0,0.379
United States,0.346,0.263,0.389,0.32,0.242,0.339,0.242,0.379,1.0
